{
 "cells": [
  {
   "cell_type": "markdown",
   "metadata": {},
   "source": [
    "# Processing data with NumPy\n",
    "\n",
    "Now you should know the basics of the data structures in NumPy and how to explore your data using some tools that are provided by NumPy.\n",
    "Next, we continue to explore some of the basic data operations that are regularly needed when doing data analysis.\n",
    "\n",
    "Let’s first import NumPy, read the same data as before, and sort it into column arrays to have a clean start."
   ]
  },
  {
   "cell_type": "code",
   "execution_count": 1,
   "metadata": {},
   "outputs": [],
   "source": [
    "import numpy as np"
   ]
  },
  {
   "cell_type": "code",
   "execution_count": 2,
   "metadata": {},
   "outputs": [],
   "source": [
    "fp = '../Kumpula-June-2016-w-metadata.txt'\n",
    "data = np.genfromtxt(fp, skip_header=9, delimiter=',')"
   ]
  },
  {
   "cell_type": "code",
   "execution_count": 3,
   "metadata": {},
   "outputs": [],
   "source": [
    "date = data[:, 0]\n",
    "temp = data[:, 1]\n",
    "temp_max = data[:, 2]\n",
    "temp_min = data[:, 3]"
   ]
  },
  {
   "cell_type": "markdown",
   "metadata": {},
   "source": [
    "## Calculating with NumPy arrays\n",
    "\n",
    "One of the most common things to do in NumPy is to create new arrays based on calculations between different other arrays (columns).\n",
    "\n",
    "### Creating arrays\n",
    "\n",
    "Arrays can be created in several ways.\n",
    "A common approach is to create an array of zeros with the same length as other existing arrays.\n",
    "This can be thought of as a blank space for calculations."
   ]
  },
  {
   "cell_type": "code",
   "execution_count": 4,
   "metadata": {},
   "outputs": [],
   "source": [
    "diff = np.zeros(len(date))"
   ]
  },
  {
   "cell_type": "code",
   "execution_count": 5,
   "metadata": {},
   "outputs": [
    {
     "name": "stdout",
     "output_type": "stream",
     "text": [
      "[0. 0. 0. 0. 0. 0. 0. 0. 0. 0. 0. 0. 0. 0. 0. 0. 0. 0. 0. 0. 0. 0. 0. 0.\n",
      " 0. 0. 0. 0. 0. 0.]\n"
     ]
    }
   ],
   "source": [
    "print(diff)"
   ]
  },
  {
   "cell_type": "markdown",
   "metadata": {},
   "source": [
    "So, what just happened?\n",
    "We created a new array of zeros using the NumPy `zeros()` function, which takes the size of the array as a parameter.\n",
    "In our case, we've given the size to be the length of the `date` array.\n",
    "In other words, `len(date)`."
   ]
  },
  {
   "cell_type": "markdown",
   "metadata": {},
   "source": [
    "### Calcuating values using other arrays\n",
    "\n",
    "We can now use our new `diff` array to calculate something useful, such as the difference between the `temp_max` and `temp_min` values for each row in our data.\n",
    "How do we do that?\n",
    "It's easy."
   ]
  },
  {
   "cell_type": "code",
   "execution_count": 6,
   "metadata": {},
   "outputs": [],
   "source": [
    "diff = temp_max - temp_min"
   ]
  },
  {
   "cell_type": "code",
   "execution_count": 7,
   "metadata": {},
   "outputs": [
    {
     "name": "stdout",
     "output_type": "stream",
     "text": [
      "[18.9 25.8 22.3 23.6 15.1 16.9 19.2 12.9  8.4 12.9 20.4 18.2 20.9 20.\n",
      " 21.  11.9 14.8  8.8  5.1 16.9 21.  14.8 12.2 12.2 17.5 17.4 12.4 17.2\n",
      " 13.5 13.5]\n"
     ]
    }
   ],
   "source": [
    "print(diff)"
   ]
  },
  {
   "cell_type": "markdown",
   "metadata": {},
   "source": [
    "We simply subtract `temp_min` from `temp_max`.\n",
    "\n",
    "In fact, we don't even need to create the array first.\n",
    "Let's consider another example of calculating the difference between the daily mean temperature and the minimum temperature.\n",
    "We can calculate that simply as follows."
   ]
  },
  {
   "cell_type": "code",
   "execution_count": 8,
   "metadata": {},
   "outputs": [],
   "source": [
    "diff_min = temp - temp_min"
   ]
  },
  {
   "cell_type": "code",
   "execution_count": 9,
   "metadata": {},
   "outputs": [
    {
     "name": "stdout",
     "output_type": "stream",
     "text": [
      "[10.8 10.8 12.8 10.2  8.2  9.4 11.   6.7  3.7  6.5 12.3  9.4 11.  11.9\n",
      " 14.1  2.2  4.5  3.3  2.2  7.1 12.2  6.3  6.   4.4  7.8  9.3  3.1  9.6\n",
      "  6.1  6.5]\n"
     ]
    }
   ],
   "source": [
    "print(diff_min)"
   ]
  },
  {
   "cell_type": "markdown",
   "metadata": {},
   "source": [
    "When we subtract one NumPy array from another, NumPy is smart enough to automatically create a new array to store the output.\n",
    "We can confirm this by checking the type of the `diff_min` array."
   ]
  },
  {
   "cell_type": "code",
   "execution_count": 10,
   "metadata": {},
   "outputs": [
    {
     "data": {
      "text/plain": [
       "numpy.ndarray"
      ]
     },
     "execution_count": 10,
     "metadata": {},
     "output_type": "execute_result"
    }
   ],
   "source": [
    "type(diff_min)"
   ]
  },
  {
   "cell_type": "markdown",
   "metadata": {},
   "source": [
    "As one final example, let's consider converting temperatures in Fahrenheit to Celsius.\n",
    "We can store the results as `temp_celsius`."
   ]
  },
  {
   "cell_type": "code",
   "execution_count": 11,
   "metadata": {},
   "outputs": [],
   "source": [
    "temp_celsius = (temp - 32) / (9/5)"
   ]
  },
  {
   "cell_type": "code",
   "execution_count": 12,
   "metadata": {},
   "outputs": [
    {
     "name": "stdout",
     "output_type": "stream",
     "text": [
      "[18.61111111 18.77777778 20.22222222 14.16666667 10.77777778 11.22222222\n",
      " 13.83333333 12.33333333  9.66666667  9.72222222 12.22222222 13.\n",
      " 14.61111111 15.38888889 17.44444444 14.33333333 15.77777778 14.05555556\n",
      " 13.5        15.16666667 17.         16.5        16.05555556 16.16666667\n",
      " 18.72222222 20.88888889 15.94444444 18.55555556 18.77777778 18.72222222]\n"
     ]
    }
   ],
   "source": [
    "print(temp_celsius)"
   ]
  },
  {
   "cell_type": "markdown",
   "metadata": {},
   "source": [
    "Again, since we use a NumPy ndarray in the calculation, a ndarray is output."
   ]
  },
  {
   "cell_type": "markdown",
   "metadata": {},
   "source": [
    "## Filtering data\n",
    "\n",
    "Another common thing to do with data is to look for a subset of the data that match some criterion.\n",
    "For example, we might want to create an array called `w_temps` that contains \"warm\" temperatures, those above 15°C.\n",
    "We can do that as follows."
   ]
  },
  {
   "cell_type": "code",
   "execution_count": 13,
   "metadata": {},
   "outputs": [],
   "source": [
    "w_temps = temp_celsius[temp_celsius > 15.0]"
   ]
  },
  {
   "cell_type": "code",
   "execution_count": 14,
   "metadata": {},
   "outputs": [
    {
     "name": "stdout",
     "output_type": "stream",
     "text": [
      "[18.61111111 18.77777778 20.22222222 15.38888889 17.44444444 15.77777778\n",
      " 15.16666667 17.         16.5        16.05555556 16.16666667 18.72222222\n",
      " 20.88888889 15.94444444 18.55555556 18.77777778 18.72222222]\n"
     ]
    }
   ],
   "source": [
    "print(w_temps)"
   ]
  },
  {
   "cell_type": "markdown",
   "metadata": {},
   "source": [
    "Here, we see only the temperatures above 15°C, as expected.\n",
    "\n",
    "It is also possible to combine multiple criteria at the same time.\n",
    "Here, we select temperatures above 15 degrees that were recorded in the second half of June in 2016 (i.e. `date >= 20160615`).\n",
    "Combining multiple criteria can be done with the `&` operator (logical AND) or the `|` operator (logical OR).\n",
    "Notice, that it is useful to separate the different clauses inside parentheses `()`."
   ]
  },
  {
   "cell_type": "code",
   "execution_count": 15,
   "metadata": {},
   "outputs": [],
   "source": [
    "w_temps2 = temp_celsius[(temp_celsius > 15.0) & (date >= 20160615)]"
   ]
  },
  {
   "cell_type": "code",
   "execution_count": 16,
   "metadata": {},
   "outputs": [
    {
     "name": "stdout",
     "output_type": "stream",
     "text": [
      "[17.44444444 15.77777778 15.16666667 17.         16.5        16.05555556\n",
      " 16.16666667 18.72222222 20.88888889 15.94444444 18.55555556 18.77777778\n",
      " 18.72222222]\n"
     ]
    }
   ],
   "source": [
    "print(w_temps2)"
   ]
  },
  {
   "cell_type": "markdown",
   "metadata": {},
   "source": [
    "With two constraints on the data, that `temp_celsius` must be greater that 15°C and `date` must be on or after June 15, 2016 (i.e., `20160615`), we get a smaller subset of the original data."
   ]
  },
  {
   "cell_type": "markdown",
   "metadata": {},
   "source": [
    "### Using data masks\n",
    "\n",
    "The filtering examples above are nice, but what if we would like to identify the dates with temperatures above 15°C and keep only those dates in our other data columns, such as `date`, `temp`, etc.\n",
    "How can we do that?\n",
    "\n",
    "In order to do that, we will need to use a *mask* array.\n",
    "A mask array is basically a boolean (True/False) array that can be used to take a subset of data from other arrays.\n",
    "Let's consider our example of warm temperatures once again.\n",
    "Rather than extracting `w_temps` directly, we can start by identifying the values in `temp_celsius` where the value is above 15°C (`True`) or less than or equal to 15°C (`False`).\n",
    "The logic is quite similar to before."
   ]
  },
  {
   "cell_type": "code",
   "execution_count": 17,
   "metadata": {},
   "outputs": [],
   "source": [
    "w_temps_mask = temp_celsius > 15.0"
   ]
  },
  {
   "cell_type": "code",
   "execution_count": 18,
   "metadata": {},
   "outputs": [
    {
     "name": "stdout",
     "output_type": "stream",
     "text": [
      "[ True  True  True False False False False False False False False False\n",
      " False  True  True False  True False False  True  True  True  True  True\n",
      "  True  True  True  True  True  True]\n"
     ]
    }
   ],
   "source": [
    "print(w_temps_mask)"
   ]
  },
  {
   "cell_type": "markdown",
   "metadata": {},
   "source": [
    "Now we see a list of `True` and `False` values in an array of the same size as `temp_celsius`.\n",
    "This array shows us whether the condition we stated is `True` or `False` for each index.\n",
    "\n",
    "Now, if we wanted to know the dates when the temperature was above 15°C, we can simply take the values from the `date` array using the mask we just created."
   ]
  },
  {
   "cell_type": "code",
   "execution_count": 19,
   "metadata": {},
   "outputs": [],
   "source": [
    "w_temp_dates = date[w_temps_mask]"
   ]
  },
  {
   "cell_type": "code",
   "execution_count": 20,
   "metadata": {},
   "outputs": [
    {
     "name": "stdout",
     "output_type": "stream",
     "text": [
      "[20160601. 20160602. 20160603. 20160614. 20160615. 20160617. 20160620.\n",
      " 20160621. 20160622. 20160623. 20160624. 20160625. 20160626. 20160627.\n",
      " 20160628. 20160629. 20160630.]\n"
     ]
    }
   ],
   "source": [
    "print(w_temp_dates)"
   ]
  },
  {
   "cell_type": "markdown",
   "metadata": {},
   "source": [
    "Cool, right?\n",
    "Now we see only the subset of dates that match the condition of having a temperature above 15°C, and the lengths of `w_temps` and `w_temp_dates` are the same, meaning we know both the date that the temperature exceeded 15°C and the temperature itself."
   ]
  },
  {
   "cell_type": "code",
   "execution_count": 21,
   "metadata": {},
   "outputs": [
    {
     "data": {
      "text/plain": [
       "17"
      ]
     },
     "execution_count": 21,
     "metadata": {},
     "output_type": "execute_result"
    }
   ],
   "source": [
    "len(w_temps)"
   ]
  },
  {
   "cell_type": "code",
   "execution_count": 22,
   "metadata": {},
   "outputs": [
    {
     "data": {
      "text/plain": [
       "17"
      ]
     },
     "execution_count": 22,
     "metadata": {},
     "output_type": "execute_result"
    }
   ],
   "source": [
    "len(w_temp_dates)"
   ]
  },
  {
   "cell_type": "markdown",
   "metadata": {},
   "source": [
    "## Removing missing/bad data\n",
    "\n",
    "In some cases, a data file might contain missing values or values that cannot be read.\n",
    "These may be replaced by `nan` values when you look at your data.\n",
    "`nan` stands for \"not a number\", and often we want to get rid of these things.\n",
    "\n",
    "Let's consider a case where we have an array `bad_data` that is full of zeros, has the same size as `date` and the other arrays from our data file, and the first 5 rows have `nan` values."
   ]
  },
  {
   "cell_type": "code",
   "execution_count": 23,
   "metadata": {},
   "outputs": [],
   "source": [
    "bad_data = np.zeros(len(date))"
   ]
  },
  {
   "cell_type": "code",
   "execution_count": 24,
   "metadata": {},
   "outputs": [],
   "source": [
    "bad_data[:5] = np.nan"
   ]
  },
  {
   "cell_type": "code",
   "execution_count": 25,
   "metadata": {},
   "outputs": [
    {
     "name": "stdout",
     "output_type": "stream",
     "text": [
      "[nan nan nan nan nan  0.  0.  0.  0.  0.  0.  0.  0.  0.  0.  0.  0.  0.\n",
      "  0.  0.  0.  0.  0.  0.  0.  0.  0.  0.  0.  0.]\n"
     ]
    }
   ],
   "source": [
    "print(bad_data)"
   ]
  },
  {
   "cell_type": "markdown",
   "metadata": {},
   "source": [
    "You can see the problem clearly.\n",
    "\n",
    "If we wanted to include values for the `date` column that only correspond to locations in `bad_data` where we do not have a `nan` value, we can use the `isfinite()` function in NumPy.\n",
    "`isfinite()` checks to see if a value is defined (i.e., is not `nan` or infinite (`inf`).\n",
    "Let's make a mask with `bad_data`."
   ]
  },
  {
   "cell_type": "code",
   "execution_count": 26,
   "metadata": {},
   "outputs": [],
   "source": [
    "bad_data_mask = np.isfinite(bad_data)"
   ]
  },
  {
   "cell_type": "code",
   "execution_count": 27,
   "metadata": {},
   "outputs": [
    {
     "name": "stdout",
     "output_type": "stream",
     "text": [
      "[False False False False False  True  True  True  True  True  True  True\n",
      "  True  True  True  True  True  True  True  True  True  True  True  True\n",
      "  True  True  True  True  True  True]\n"
     ]
    }
   ],
   "source": [
    "print(bad_data_mask)"
   ]
  },
  {
   "cell_type": "markdown",
   "metadata": {},
   "source": [
    "We see the expected results.\n",
    "If we want now to include only the dates with good data, we can use the mask as we did before."
   ]
  },
  {
   "cell_type": "code",
   "execution_count": 28,
   "metadata": {},
   "outputs": [],
   "source": [
    "good_dates = date[bad_data_mask]"
   ]
  },
  {
   "cell_type": "code",
   "execution_count": 29,
   "metadata": {},
   "outputs": [
    {
     "name": "stdout",
     "output_type": "stream",
     "text": [
      "[20160606. 20160607. 20160608. 20160609. 20160610. 20160611. 20160612.\n",
      " 20160613. 20160614. 20160615. 20160616. 20160617. 20160618. 20160619.\n",
      " 20160620. 20160621. 20160622. 20160623. 20160624. 20160625. 20160626.\n",
      " 20160627. 20160628. 20160629. 20160630.]\n"
     ]
    }
   ],
   "source": [
    "print(good_dates)"
   ]
  },
  {
   "cell_type": "markdown",
   "metadata": {},
   "source": [
    "## Rounding and finding unique values\n",
    "\n",
    "It is possible to round values easily using the `round()` method for NumPy arrays.\n",
    "Let's round our temperatures in Celsius to zero decimal places."
   ]
  },
  {
   "cell_type": "code",
   "execution_count": 30,
   "metadata": {},
   "outputs": [],
   "source": [
    "temp_celsius_rounded = temp_celsius.round(0)"
   ]
  },
  {
   "cell_type": "code",
   "execution_count": 31,
   "metadata": {},
   "outputs": [
    {
     "name": "stdout",
     "output_type": "stream",
     "text": [
      "[19. 19. 20. 14. 11. 11. 14. 12. 10. 10. 12. 13. 15. 15. 17. 14. 16. 14.\n",
      " 13. 15. 17. 16. 16. 16. 19. 21. 16. 19. 19. 19.]\n"
     ]
    }
   ],
   "source": [
    "print(temp_celsius_rounded)"
   ]
  },
  {
   "cell_type": "markdown",
   "metadata": {},
   "source": [
    "### Finding unique values\n",
    "\n",
    "We can find unique values in an array using the `unique()` function."
   ]
  },
  {
   "cell_type": "code",
   "execution_count": 32,
   "metadata": {},
   "outputs": [],
   "source": [
    "unique = np.unique(temp_celsius_rounded)"
   ]
  },
  {
   "cell_type": "code",
   "execution_count": 33,
   "metadata": {},
   "outputs": [
    {
     "name": "stdout",
     "output_type": "stream",
     "text": [
      "[10. 11. 12. 13. 14. 15. 16. 17. 19. 20. 21.]\n"
     ]
    }
   ],
   "source": [
    "print(unique)"
   ]
  },
  {
   "cell_type": "markdown",
   "metadata": {},
   "source": [
    "Now we do not see any repeated values in our rounded temperatures."
   ]
  },
  {
   "cell_type": "markdown",
   "metadata": {},
   "source": [
    "## Saving our data to a file\n",
    "\n",
    "Finally we can save our modified data to a file for future use.\n",
    "We'll need to do a few steps to get there, however."
   ]
  },
  {
   "cell_type": "markdown",
   "metadata": {},
   "source": [
    "### Re-creating our 2D data array\n",
    "\n",
    "As you have seen, we have mostly worked with single columns after reading in our data.\n",
    "We can recreate a 2D data structure by stacking these columns back together.\n",
    "\n",
    "For example, let's put together our `date`, `temp`, and `temp_celsius` columns in a new data array called `new_data`.\n",
    "We can start by stacking the data together using the `vstack()` function."
   ]
  },
  {
   "cell_type": "code",
   "execution_count": 34,
   "metadata": {},
   "outputs": [],
   "source": [
    "new_data = np.vstack((date, temp, temp_celsius))"
   ]
  },
  {
   "cell_type": "code",
   "execution_count": 35,
   "metadata": {},
   "outputs": [
    {
     "name": "stdout",
     "output_type": "stream",
     "text": [
      "[[2.01606010e+07 2.01606020e+07 2.01606030e+07 2.01606040e+07\n",
      "  2.01606050e+07 2.01606060e+07 2.01606070e+07 2.01606080e+07\n",
      "  2.01606090e+07 2.01606100e+07 2.01606110e+07 2.01606120e+07\n",
      "  2.01606130e+07 2.01606140e+07 2.01606150e+07 2.01606160e+07\n",
      "  2.01606170e+07 2.01606180e+07 2.01606190e+07 2.01606200e+07\n",
      "  2.01606210e+07 2.01606220e+07 2.01606230e+07 2.01606240e+07\n",
      "  2.01606250e+07 2.01606260e+07 2.01606270e+07 2.01606280e+07\n",
      "  2.01606290e+07 2.01606300e+07]\n",
      " [6.55000000e+01 6.58000000e+01 6.84000000e+01 5.75000000e+01\n",
      "  5.14000000e+01 5.22000000e+01 5.69000000e+01 5.42000000e+01\n",
      "  4.94000000e+01 4.95000000e+01 5.40000000e+01 5.54000000e+01\n",
      "  5.83000000e+01 5.97000000e+01 6.34000000e+01 5.78000000e+01\n",
      "  6.04000000e+01 5.73000000e+01 5.63000000e+01 5.93000000e+01\n",
      "  6.26000000e+01 6.17000000e+01 6.09000000e+01 6.11000000e+01\n",
      "  6.57000000e+01 6.96000000e+01 6.07000000e+01 6.54000000e+01\n",
      "  6.58000000e+01 6.57000000e+01]\n",
      " [1.86111111e+01 1.87777778e+01 2.02222222e+01 1.41666667e+01\n",
      "  1.07777778e+01 1.12222222e+01 1.38333333e+01 1.23333333e+01\n",
      "  9.66666667e+00 9.72222222e+00 1.22222222e+01 1.30000000e+01\n",
      "  1.46111111e+01 1.53888889e+01 1.74444444e+01 1.43333333e+01\n",
      "  1.57777778e+01 1.40555556e+01 1.35000000e+01 1.51666667e+01\n",
      "  1.70000000e+01 1.65000000e+01 1.60555556e+01 1.61666667e+01\n",
      "  1.87222222e+01 2.08888889e+01 1.59444444e+01 1.85555556e+01\n",
      "  1.87777778e+01 1.87222222e+01]]\n"
     ]
    }
   ],
   "source": [
    "print(new_data)"
   ]
  },
  {
   "cell_type": "markdown",
   "metadata": {},
   "source": [
    "Now we have our data back in a single array, but something isn't quite right.\n",
    "The columns and rows need to be flipped.\n",
    "We can do this using the `transpose()` function."
   ]
  },
  {
   "cell_type": "code",
   "execution_count": 36,
   "metadata": {},
   "outputs": [],
   "source": [
    "new_data = np.transpose(new_data)"
   ]
  },
  {
   "cell_type": "code",
   "execution_count": 37,
   "metadata": {},
   "outputs": [
    {
     "name": "stdout",
     "output_type": "stream",
     "text": [
      "[[2.01606010e+07 6.55000000e+01 1.86111111e+01]\n",
      " [2.01606020e+07 6.58000000e+01 1.87777778e+01]\n",
      " [2.01606030e+07 6.84000000e+01 2.02222222e+01]\n",
      " [2.01606040e+07 5.75000000e+01 1.41666667e+01]\n",
      " [2.01606050e+07 5.14000000e+01 1.07777778e+01]\n",
      " [2.01606060e+07 5.22000000e+01 1.12222222e+01]\n",
      " [2.01606070e+07 5.69000000e+01 1.38333333e+01]\n",
      " [2.01606080e+07 5.42000000e+01 1.23333333e+01]\n",
      " [2.01606090e+07 4.94000000e+01 9.66666667e+00]\n",
      " [2.01606100e+07 4.95000000e+01 9.72222222e+00]\n",
      " [2.01606110e+07 5.40000000e+01 1.22222222e+01]\n",
      " [2.01606120e+07 5.54000000e+01 1.30000000e+01]\n",
      " [2.01606130e+07 5.83000000e+01 1.46111111e+01]\n",
      " [2.01606140e+07 5.97000000e+01 1.53888889e+01]\n",
      " [2.01606150e+07 6.34000000e+01 1.74444444e+01]\n",
      " [2.01606160e+07 5.78000000e+01 1.43333333e+01]\n",
      " [2.01606170e+07 6.04000000e+01 1.57777778e+01]\n",
      " [2.01606180e+07 5.73000000e+01 1.40555556e+01]\n",
      " [2.01606190e+07 5.63000000e+01 1.35000000e+01]\n",
      " [2.01606200e+07 5.93000000e+01 1.51666667e+01]\n",
      " [2.01606210e+07 6.26000000e+01 1.70000000e+01]\n",
      " [2.01606220e+07 6.17000000e+01 1.65000000e+01]\n",
      " [2.01606230e+07 6.09000000e+01 1.60555556e+01]\n",
      " [2.01606240e+07 6.11000000e+01 1.61666667e+01]\n",
      " [2.01606250e+07 6.57000000e+01 1.87222222e+01]\n",
      " [2.01606260e+07 6.96000000e+01 2.08888889e+01]\n",
      " [2.01606270e+07 6.07000000e+01 1.59444444e+01]\n",
      " [2.01606280e+07 6.54000000e+01 1.85555556e+01]\n",
      " [2.01606290e+07 6.58000000e+01 1.87777778e+01]\n",
      " [2.01606300e+07 6.57000000e+01 1.87222222e+01]]\n"
     ]
    }
   ],
   "source": [
    "print(new_data)"
   ]
  },
  {
   "cell_type": "markdown",
   "metadata": {},
   "source": [
    "That's better!"
   ]
  },
  {
   "cell_type": "markdown",
   "metadata": {},
   "source": [
    "### Saving our data\n",
    "\n",
    "With the data in the correct format, we can now save it to a file using the `savetxt()` function.\n",
    "Let's save our data to a file called `converted_temps.csv`, where the `.csv` indicates the data values are separated by commas (comma-separated values)."
   ]
  },
  {
   "cell_type": "code",
   "execution_count": 38,
   "metadata": {},
   "outputs": [],
   "source": [
    "np.savetxt('converted_temps.csv', new_data, delimiter=',')"
   ]
  },
  {
   "cell_type": "markdown",
   "metadata": {},
   "source": [
    "Cool.\n",
    "We have now saved the array `new_data` to the file `converted_temps.csv` with commas between the values (using the `delimiter=','` parameter)."
   ]
  }
 ],
 "metadata": {
  "kernelspec": {
   "display_name": "Python 3",
   "language": "python",
   "name": "python3"
  },
  "language_info": {
   "codemirror_mode": {
    "name": "ipython",
    "version": 3
   },
   "file_extension": ".py",
   "mimetype": "text/x-python",
   "name": "python",
   "nbconvert_exporter": "python",
   "pygments_lexer": "ipython3",
   "version": "3.6.4"
  }
 },
 "nbformat": 4,
 "nbformat_minor": 2
}
